100
20
1 10 4 2 2 3 10 10 5 7 6 8 9 6 5 9 6 6 10 8
4
7 5 5 9
3
125 841 358
47
658 662 664 610 625 597 827 742 666 723 826 657 607 758 614 696 739 736 787 734 602 699 702 784 737 780 738 808 614 824 717 680 630 705 619 660 836 776 709 705 812 708 757 703 666 743 679
2
662 738
48
188 502 796 952 551 1 803 432 918 701 351 416 532 945 128 711 282 162 956 493 73 511 156 354 266 757 435 491 260 876 470 388 200 814 28 951 806 298 80 505 561 393 118 254 974 760 220 272
2
2 7
27
868 890 935 957 891 979 896 775 974 805 892 815 848 941 783 924 947 957 894 949 971 979 868 878 845 830 848
20
990 998 993 996 996 994 990 990 997 995 993 992 990 991 992 991 990 996 990 992
4
317 191 335 404
5
996 995 991 995 990
5
5 6 9 6 1
7
887 837 783 873 762 799 882
24
883 836 750 885 799 836 861 775 787 925 897 898 895 889 880 817 803 875 930 814 891 751 921 807
4
936 940 940 934
46
111 203 167 62 203 78 173 207 47 234 214 177 113 22 66 154 219 40 3 219 210 28 1 31 185 94 79 50 208 57 235 57 35 16 92 169 181 36 101 34 220 125 38 133 208 210
46
996 997 992 992 994 992 994 991 993 996 995 990 995 995 993 997 994 996 997 994 995 990 994 994 992 994 994 993 991 993 995 992 994 992 997 993 995 990 992 993 994 995 991 990 991 997
4
9 4 9 4
44
127 128 121 125 117 129 111 115 113 120 126 122 129 113 127 116 123 111 130 129 126 115 123 116 125 129 118 130 121 121 125 130 115 121 121 115 124 119 117 117 123 120 114 115
21
303 547 286 174 267 89 116 170 172 11 137 394 120 364 114 434 474 120 373 308 401
45
67 486 407 294 322 239 599 313 569 302 55 435 662 330 394 387 501 243 87 491 84 330 320 63 754 366 499 723 37 123 534 558 52 321 357 513 584 467 388 287 593 437 682 36 108
2
159 205
50
5 5 8 2 9 3 5 1 8 9 1 4 7 10 3 6 10 10 7 6 8 7 7 9 4 1 5 10 8 10 6 2 3 3 10 7 6 8 8 1 10 10 5 5 4 3 7 9 5 3
2
416 457
45
1 4 3 4 5 2 3 6 3 6 4 2 2 3 6 2 5 1 3 6 3 2 3 2 4 5 1 2 4 2 4 6 6 3 4 2 4 1 5 2 5 6 4 1 6
3
2 2 1
50
2 2 1 1 5 5 3 7 3 4 2 4 1 3 3 5 6 7 7 6 7 5 7 6 6 7 7 5 7 5 1 5 3 6 7 1 1 5 6 5 6 7 3 5 6 6 4 7 4 1
2
990 996
26
991 994 987 979 985 972 984 995 976 995 987 967 992 967 988 992 979 970 974 975 993 981 994 985 978 991
2
5 7
20
992 996 996 992 990 994 994 994 990 991 993 991 996 993 995 991 993 997 994 992
1
200
4
2 4 8 4
31
990 994 992 992 993 997 993 995 991 991 994 997 991 992 992 998 990 994 991 990 998 994 993 990 993 997 993 991 995 998 997
1
806
3
398 403 428
47
4 9 5 6 8 9 5 3 7 10 6 6 4 3 2 10 7 10 6 10 9 6 4 2 2 1 7 4 8 6 3 7 6 10 9 5 10 6 10 9 1 7 7 3 7 3 8
50
9 5 9 4 3 2 5 3 6 6 1 9 3 8 6 4 3 6 1 8 9 8 5 3 7 3 6 1 2 4 5 4 8 9 7 7 4 5 2 9 7 3 5 6 8 5 5 5 9 2
16
999 992 1000 995 996 990 993 999 996 996 991 997 999 993 993 996
2
300 350
9
235 444 252 471 553 792 777 877 572
24
118 361 186 147 121 282 101 509 533 100 262 78 17 25 542 326 32 357 406 28 244 470 35 568
21
773 638 677 722 719 695 654 776 632 689 762 666 705 643 635 714 621 615 728 658 652
40
326 334 269 455 372 476 373 525 329 302 484 459 299 284 224 233 465 545 477 422 257 366 276 430 334 208 491 292 463 333 374 451 354 485 317 267 543 371 502 345
47
5 2 5 6 10 8 8 5 4 10 9 5 3 9 8 2 2 4 10 8 9 3 2 7 2 8 9 9 9 8 8 6 5 9 9 3 9 6 7 1 9 7 2 9 4 4 9
3
181 70 23
13
917 272 695 476 172 425 715 219 92 920 829 253 775
35
990 988 993 989 991 991 990 991 990 992 989 987 988 990 988 990 991 988 993 990 993 989 992 990 992 993 990 989 993 991 989 988 992 993 992
24
7 6 9 4 1 8 2 3 5 1 6 1 1 1 8 9 4 4 5 5 4 6 9 3
6
997 992 997 990 993 996
31
6 4 5 5 2 8 2 1 6 6 2 4 4 3 8 7 3 5 2 6 6 4 3 1 8 8 2 1 6 5 4
3
3 5 5
45
994 1000 1000 994 999 991 998 997 992 995 999 990 995 991 990 993 993 996 999 991 995 993 1000 1000 994 993 992 998 995 995 997 994 1000 991 995 997 995 996 999 993 993 994 994 993 992
47
992 990 999 999 994 996 990 990 998 997 992 999 995 998 997 996 999 991 999 990 998 999 991 992 995 995 990 991 997 993 991 990 995 997 998 998 996 992 994 990 992 991 991 998 990 995 991
4
994 994 1000 999
3
228 456 324
5
550 742 583 664 506
5
998 993 998 999 994
47
996 991 992 992 996 990 990 996 997 990 996 994 995 994 995 992 990 990 997 994 991 997 991 991 994 992 994 993 990 995 997 990 991 991 990 992 992 996 996 991 992 996 992 996 991 995 996
45
820 302 93 431 926 323 189 523 519 399 310 663 437 478 47 538 804 11 282 25 156 56 26 268 6 270 481 29 113 605 138 639 543 126 95 756 898 341 731 509 751 245 617 297 884
32
4 6 7 3 2 1 4 2 1 4 4 2 1 7 5 4 4 6 6 4 7 7 1 5 7 3 6 1 3 1 7 3
1
994
15
994 992 992 993 990 994 994 993 992 995 991 993 991 991 990
47
996 992 999 995 997 990 995 992 998 996 998 995 991 998 997 991 990 995 999 996 992 998 991 998 999 993 994 995 996 999 995 997 990 996 998 990 994 995 999 999 996 991 992 996 996 992 991
5
996 995 990 993 996
46
38 262 275 187 197 160 101 103 89 183 89 142 236 133 141 239 155 140 208 65 44 184 77 147 230 37 73 160 125 120 96 120 186 179 125 255 181 116 141 102 123 211 142 75 186 170
13
995 994 1000 996 993 992 994 992 1000 998 996 990 991
50
232 106 49 59 98 88 223 171 191 8 205 185 45 209 277 211 72 100 82 184 261 177 117 10 7 6 234 97 179 32 83 254 149 89 260 84 141 63 114 21 167 3 61 217 162 265 83 193 75 204
2
587 638
49
944 995 821 880 804 779 906 811 970 819 828 887 877 952 970 867 879 752 876 783 870 906 803 988 759 893 983 857 764 814 802 768 823 834 866 842 822 739 762 780 955 839 952 956 807 850 773 743 748
9
998 990 998 992 991 992 995 995 995
49
583 638 671 682 670 616 661 637 615 635 612 683 580 668 652 617 581 686 668 659 591 641 617 680 682 602 672 660 673 672 582 651 627 611 620 601 681 654 629 654 640 594 631 602 676 582 626 584 655
18
347 723 896 701 553 880 690 593 507 750 639 763 836 653 707 425 423 873
2
6 3
25
493 429 228 520 161 386 536 142 507 158 453 72 440 388 339 352 360 396 104 258 141 514 435 141 352
3
706 576 883
5
359 76 178 318 158
45
278 555 325 178 516 73 349 195 607 338 164 472 54 287 33 502 567 78 544 259 20 184 119 340 418 267 599 52 21 518 312 545 529 552 201 589 584 28 347 134 367 110 203 59 394
3
1 6 7
49
145 108 312 325 249 193 31 253 352 55 181 207 193 193 232 210 194 41 147 294 131 293 217 59 32 169 79 106 143 78 43 134 206 102 346 218 351 135 145 147 297 210 84 5 81 332 261 308 55
49
991 994 992 994 993 994 992 990 992 995 996 991 995 992 992 992 993 992 994 993 993 990 996 993 993 992 995 994 992 993 993 995 992 993 995 995 992 996 992 992 992 994 993 992 996 992 990 993 993
30
5 8 1 7 6 7 2 7 4 5 6 4 1 3 2 5 5 7 5 5 1 4 7 8 5 4 4 7 7 7
49
4 5 3 2 5 1 6 7 5 6 6 7 2 3 6 4 4 1 2 6 5 6 5 3 5 5 3 4 2 4 7 6 3 1 4 4 5 7 5 3 6 7 5 5 7 2 5 3 4
41
990 998 997 993 999 990 993 996 995 991 992 999 992 991 995 990 998 996 998 997 992 999 992 992 990 990 993 993 994 998 996 996 999 993 997 992 991 997 991 998 999
1
993
1
2
15
993 996 996 995 994 996 991 990 993 994 992 996 993 990 994
50
131 399 297 33 190 367 241 326 144 95 60 279 39 46 217 93 501 99 478 298 70 489 167 250 172 317 326 77 41 473 107 48 409 225 270 80 189 369 314 506 400 231 281 506 219 362 513 416 67 218
1
995
20
144 159 155 162 150 144 144 145 149 144 152 155 150 150 153 158 148 146 162 151
45
965 982 959 955 956 962 971 962 968 954 961 969 953 956 982 957 964 979 976 968 981 973 956 958 976 962 967 972 954 961 971 963 956 974 969 954 960 976 971 969 964 976 967 968 954
49
995 991 996 990 993 996 994 997 996 991 991 990 990 995 997 991 990 997 995 996 995 993 996 994 991 990 995 996 992 994 997 996 996 990 990 991 990 993 991 996 996 992 994 992 990 997 993 997 997
3
496 289 400
45
4 4 4 5 3 6 3 1 6 2 6 5 6 6 1 1 4 1 3 3 3 1 6 4 5 5 5 3 1 2 2 3 1 5 1 6 6 4 1 3 2 3 4 2 6
26
1 2 5 5 2 6 5 6 3 1 1 6 3 4 6 6 2 3 5 6 2 6 1 4 3 3
5
7 6 3 4 1
44
339 533 401 513 746 604 492 370 827 386 442 792 788 658 455 621 783 632 612 816 770 604 712 750 692 708 729 450 434 846 382 698 625 847 436 605 457 562 377 653 463 696 516 654
3
997 990 992
4
399 116 206 242
50
993 993 991 990 995 992 992 994 993 993 990 995 995 992 994 990 995 991 995 996 996 990 994 994 991 993 990 996 996 990 993 994 993 990 994 996 994 992 995 996 995 993 990 991 991 993 996 996 990 996